Units of temperature: K
1259964 full star
1782624 full gas
g1.12e12
x_com: -1753710.9964880315
y_com: 384835.9628530365
z_com: -515394.51356233517
L_x: 1.1883095823544527e+18
L_y: 1.3058654437501678e+18
L_z: -3.4536500159540127e+18
Units of temperature: K
2473028 full star
1989667 full gas
g1.92e12
x_com: 6077077.0658678925
y_com: 3301873.84338819
z_com: -3095000.842705909
L_x: 2.0123934543423421e+18
L_y: -8.547356401702944e+17
L_z: -1.6796671057487985e+18
